timestamp_utc,block_number,miner,block_hash
2025-11-02T16:08:50.553809+00:00,1,node05:18443,60fd2a1c9791c3f073bf5f71e770a59f46f67a5d33a6a3360c82584622c2afee
2025-11-02T16:08:55.671336+00:00,2,node02:18443,1ff94a6b5a9b64e64d97e70083dc4f39d6ba4c8b5f02a5446fce955e13157277
2025-11-02T16:09:00.706878+00:00,3,node04:18443,23344e7fb6f45b579c8ddf040651e7f20825b8b81b78cf5e38cb7c25f9cca642
2025-11-02T16:09:05.732853+00:00,4,node03:18443,17491f0d79871a28102581256be30e89536ff424eb24a911b3932a74f5c64ee6
2025-11-02T16:09:10.839842+00:00,5,node04:18443,475fd1fc8d00cd93724617984daeecb8362dd90097b5039f583f499bd2675c22
2025-11-02T16:09:15.865922+00:00,6,node03:18443,50fe711fd0b0369b08ab921d25c56e512748367a0549f1cab5e71d6706248c0e
2025-11-02T16:09:20.906492+00:00,7,node04:18443,4159cb600fa374e5c378adf651e25e0a5d0f3cf29f67717b071ad169fdc83526
2025-11-02T16:09:25.993388+00:00,8,node03:18443,4d9d3ea6e83762cdedddc45ed9ffcdb60b20a195694af04ac4bb1c5aba445c5d
2025-11-02T16:09:31.049956+00:00,9,node03:18443,328daa60b3535f30509d1ab8b59cd15c90dbc55f7f4d5adda95536d66c5a631a
2025-11-02T16:09:36.124125+00:00,10,node05:18443,278b90fd2c1f7bbbb51e33c43e4f92f31dc45b7f26193d54fd9b257cf5932006
2025-11-02T16:09:41.129326+00:00,11,node02:18443,05c3f7d737cea756685075d469bcc1551afb5dc99e3c2e90d1f19fe5b19b0ec1
2025-11-02T16:09:46.149928+00:00,12,node03:18443,0eb36abb3e78b065cce5ea7b699b5c31ba814aa43ffc3d794d12693d13ee7985
2025-11-02T16:09:51.240022+00:00,13,node05:18443,66da313e8fc1bf424c8ae263ab11d7789af67b3338a4734df7692cd4fb0b216c
2025-11-02T16:09:56.316834+00:00,14,node03:18443,4000fbcfc0bae647fa6e0f1c84b62e90d51b3fa6599c8598d12df69c0721a8fe
2025-11-02T16:10:01.410823+00:00,15,node02:18443,12d19404db7af92dc4390ab3f24a0d89485fa5076d2aa1ef9de953c96d7c0524
2025-11-02T16:10:06.465094+00:00,16,node04:18443,206e5ad5f81abd77c1b4a5c23e3c92e8e5abd29e5fe63a750ec8bd18a4fe53f4
2025-11-02T16:10:11.578258+00:00,17,node04:18443,4f5114872dbfb7fe44fbe92970e9bc88288936912ab765b7d52e462eb5f602f1
2025-11-02T16:10:16.632349+00:00,18,node03:18443,5130de41fb42391e4302177a76c273d28df25ae7b8997d172e09a4913908dadc
2025-11-02T16:10:21.661947+00:00,19,node03:18443,7ef5b1a4ed7912d799af09d0cd2ff94ed57ce8100f178ba29d254d83a4a59288
2025-11-02T16:10:26.736644+00:00,20,node03:18443,70dcc141c3c65c536f2ea9e91ce53e111746b356f7712413db6fd14155217518
2025-11-02T16:10:31.748878+00:00,21,node04:18443,59b8128b7924aff54ce7804048bcab140dfc270091a76366811f8a8b357201ca
2025-11-02T16:10:36.836660+00:00,22,node05:18443,3cd5ba1652ab380b9c19b05eea9594868130c2b4bdd4dfb44819115e974e0a2a
2025-11-02T16:10:41.930021+00:00,23,node05:18443,417b3fdef9e494ca35b6a8e0dc134defa25c4cfe349a9d21920a138422beaeb7
2025-11-02T16:10:46.977968+00:00,24,node02:18443,0aa699e18eb330eef03ea60a4801e09f92ad02abb4f2ed2970d981cce5d24e2e
2025-11-02T16:10:51.989449+00:00,25,node05:18443,024e04fb484562dfd3b8512b4decc2abcaab4790947f62b150bde834048d6be4
2025-11-02T16:10:57.094564+00:00,26,node04:18443,0d7730c701762a2784677bcc1b0b7841a45b1b3f367d1ee9855cc7dc25102681
2025-11-02T16:11:02.115425+00:00,27,node03:18443,4c796647dce6d2dcf05657a818d2a623d97d0c6f038320fd394e50c740a3aff5
2025-11-02T16:11:07.380904+00:00,28,node01:18443,1b983375706c5994755f9ab2e74f152369a1fd5565cadd6f3aa2650a13d8a087
2025-11-02T16:11:12.620937+00:00,29,node01:18443,526823a0461e385d743eb903ce0f7a3508d072a82cd080b5b0c317d3b120ee56
2025-11-02T16:11:17.911303+00:00,30,node01:18443,54658a8639de14585325d95c178f9ae796f223cdff85c26ba4bc8855fb04f19c
2025-11-02T16:11:23.182463+00:00,31,node02:18443,274a4ed9b7d0e9068f4b7d1d1e9df4200fd388ed9285277683a2444b58638882
2025-11-02T16:11:28.470121+00:00,32,node04:18443,269beec99c7866a5e4a0d61e71c80dbb9a27020334c2f77795dbea38fed18f16
2025-11-02T16:11:33.696959+00:00,33,node04:18443,5db71cb8f17784ac9e31e9f963dc911c4d9c949f339e2eb04d6e180f6d94acad
2025-11-02T16:11:39.000955+00:00,34,node01:18443,5b650f7d302bf6769ffc8798a4ad7110982dfb6bc9f1c3536e959f2dad1c3ecf
2025-11-02T16:11:44.438718+00:00,35,node05:18443,0266e6d868b95539d5835cd8a309e6d840c69557441d8959a69e9d291fc5527a
2025-11-02T16:11:49.746729+00:00,36,node05:18443,20c50af57936c8b96b5736c31979afb95f9a920228d5d2ce3c45c36a6b86b61b
2025-11-02T16:11:54.982042+00:00,37,node02:18443,4bf6810c0a29e3b94b087122c8af712a99a5a51681708e63f9e07bc21a3ed8d3
2025-11-02T16:12:00.247363+00:00,38,node04:18443,19b802153b231a8d5a482163f0cccd06653c95462abcaf882643cc1c116fd2d2
2025-11-02T16:12:05.519317+00:00,39,node03:18443,1b9a5485f4304e0d7f21a210115e13e5d0145ec00dc36e55c3774fabbfdc1408
2025-11-02T16:12:10.820276+00:00,40,node04:18443,6a77039fc0f031e7d79b01c97007dd1e32916639f043132586f055d3e752b77c
2025-11-02T16:12:16.076836+00:00,41,node01:18443,6011839ef6e26c68b57d455c6650c06731fbb5a79e598f75f0f03264a0cef74d
2025-11-02T16:12:21.312635+00:00,42,node03:18443,0882f79c77fd428a4413ec90eb21a81b94417dccb77110373eb183daf1e9787f
2025-11-02T16:12:26.554074+00:00,43,node04:18443,607c0c5d842e1a4b9905f3acf915c554f6e798c9b1d9cbea0f0e5a437673cf31
2025-11-02T16:12:31.843276+00:00,44,node01:18443,4057aa8ca61f669534cad497277e52b269874d45a60110c102763b91791110be
2025-11-02T16:12:37.169213+00:00,45,node03:18443,24b1c9f44f3467aab969aba05dddc38ffe849856d6d55f05437a92ca0c26f05d
2025-11-02T16:12:42.430185+00:00,46,node01:18443,773d33a371620ac89fd4d480e078fc9bafc990313884dd468f77e727610022fc
2025-11-02T16:12:47.663197+00:00,47,node04:18443,2139a2e5b28c86c6cd089ad98d0cae71cb2e8d79a4a62e84027de744f6d4139f
2025-11-02T16:12:52.887634+00:00,48,node03:18443,548f0be6cc98785b1533f410703752fe503b5e27df741c7994693049e541bdc1
2025-11-02T16:12:58.167605+00:00,49,node01:18443,4daa555a7f9053025225204b9443ec3d9c16d1b830b9869d7f11d6cff2f63459
2025-11-02T16:13:03.407313+00:00,50,node01:18443,08f7a02bc1032b872a8bafdc8112ff5601348169138e0892d3c3657e50b49ac8
2025-11-02T16:13:08.679289+00:00,51,node04:18443,0c620f5dd6cc3db9c0fba49130aefa71a8482b0a850290742d9c774542c5356e
2025-11-02T16:13:13.933534+00:00,52,node03:18443,43d377ae1560131bdc94316b5bcac28a1e386e8bbd485cee1a6854bd39eb93ec
2025-11-02T16:13:19.171252+00:00,53,node01:18443,4c2e50aeb4c118f8d7a74e2c1301309530e64f7c5225ab05d6a44ceb6d1a85fd
2025-11-02T16:13:24.425287+00:00,54,node01:18443,40e15975f680fe88de63ac743453659bf9930e89cbc4ff2b5a29d1121fc0a48f
2025-11-02T16:13:29.751554+00:00,55,node01:18443,789754a406af2ef410e322f9a3b4079edd07ceeba6a9e26be7480ad0046ba30c
2025-11-02T16:13:35.071042+00:00,56,node04:18443,662ba837dd31340ddbd830b81dc4b1303a86b42a986228d895146c5f594a1fb3
2025-11-02T16:13:40.288509+00:00,57,node01:18443,17cf2fc2665ee671f6934f129f59001e7299232237eee8a21f60915c2b6bc13d
2025-11-02T16:13:45.588602+00:00,58,node04:18443,557d1a73945087dd0fdf9d9af072462b5e7a28e886f9e8cbb4940b857d4b2a1a
2025-11-02T16:13:50.866728+00:00,59,node04:18443,0fb99d3e80d357498bc6abac98ceaa0af6196229113fe735db57abe3cb9f2f17
2025-11-02T16:13:56.189126+00:00,60,node03:18443,27fb16f0bceca046dc057cf15ff0249231de1820cd765b73ef618b9630aefabf
2025-11-02T16:14:01.516179+00:00,61,node03:18443,4e9f24c838ce446bd2f60d8e71f595bc9a45e5556e8bf9788e0f0404ce6c184a
2025-11-02T16:14:06.825628+00:00,62,node01:18443,7cc8cd2158d48023640dcaccf308f2f075e72af0e911440f02403cbc8dbf31c6
2025-11-02T16:14:12.054244+00:00,63,node01:18443,4d4c23b874304f86ebdf75075bbc4c18969b8308a3d5499a3bdaefa9976f0e0b
2025-11-02T16:14:17.344030+00:00,64,node03:18443,1671beff55511d99069c6123992a7e0235c0ac25aee909827513e1cce5d598d8
2025-11-02T16:14:22.354952+00:00,65,node05:18443,027ef266ab26fc31f593891ec97b496f09c74c6bfe92972ea1ac06d9ef612fe9
2025-11-02T16:14:27.605023+00:00,66,node04:18443,1c1bb428178c59e452173ffa245164b6b8cacc467dc305c7371030ace478c941
2025-11-02T16:14:32.665660+00:00,67,node05:18443,1ecd0e5500ca66407a7a0f2296bf777a5cfa82a70adb7244d62a1bdfc9399028
2025-11-02T16:14:37.919550+00:00,68,node03:18443,7d12b2f17b48f42a151741438c26888ccc4994776159d24ccafae8f6ecbbc3d6
2025-11-02T16:14:42.992556+00:00,69,node05:18443,1b33869757ea2bd0147db2536a94d857dae386818d6736b84915de1aa58c2a0b
2025-11-02T16:14:48.298643+00:00,70,node04:18443,1468338fd293bc5c5e67453213ce646d46cd8dc0026a4cb719eccdba69e1fd50
2025-11-02T16:14:53.567897+00:00,71,node04:18443,6caa653eeedfd8c36d6663ea501d06c97644c59a86768fb8094d3de4aef321fc
2025-11-02T16:14:58.821829+00:00,72,node04:18443,2c2b7f8c00aaf9cd6b917d4b79c579b9e37645d41b6bd5e6b99b16fcdcf17f1e
2025-11-02T16:15:04.075921+00:00,73,node03:18443,045a6f065c964dd45762fa4f6b5f35736b4ce60ab3a383af26787d900243a459
2025-11-02T16:15:09.334877+00:00,74,node03:18443,6847a92deb3b4aafad26b1bbff0961169a89bfdb3f924095c8cfdccd275e8a6c
2025-11-02T16:15:14.575588+00:00,75,node01:18443,786f854acab3b1a4ed1c82848d6c868dd99f2a3d2141ef259db2dfbea375a88f
2025-11-02T16:15:19.901530+00:00,76,node03:18443,3180572ea7c3416e7a1022b16a4a5354aeac0933c66ea537565330f17e52b83a
2025-11-02T16:15:25.175429+00:00,77,node03:18443,52eb355ca10696fa0c5e99e9e2869f7c9f4a16eee320781105e85f1b4e635b3c
2025-11-02T16:15:30.384753+00:00,78,node03:18443,66ae1fb2f2b70b7e97d104afd53473d8adcf4d5e93959146e136422128b074f0
2025-11-02T16:15:35.400859+00:00,79,node05:18443,1949025375e246df56734ed4a5f33fa868908f09277e118e3eb8b258f6326f4f
2025-11-02T16:15:40.697668+00:00,80,node04:18443,781a70df3733439abfeebaf3598be0482e39c4845e52ee38fa26d28d2d5330bc
2025-11-02T16:15:46.028757+00:00,81,node04:18443,1d0fb0ba1ed799415361b06586bef09811d6512366b28d70d5871bb1a33d679f
2025-11-02T16:15:51.297908+00:00,82,node04:18443,7e37ac55dbce4550d5f92d0bc2238d86b525f22c511c0a54dc93eea241882ae7
2025-11-02T16:15:56.302992+00:00,83,node05:18443,429170de1d944ce753bfa85ba7a795011d5f8ff8fdd1669c49482c8b2bb5b46d
2025-11-02T16:16:01.413574+00:00,84,node02:18443,3d8733072bdb23923459caa012e3e4e2dd6a1c8559502d69c7f59f5ebf7aa631
2025-11-02T16:16:06.739798+00:00,85,node04:18443,428d559dd23f5fbc3303b5300f35da225f4b1b8b6611c94912b88d764f8850ef
2025-11-02T16:16:12.078982+00:00,86,node01:18443,6001f96b5663de873c2f243c6528465e597d507bbae5cb97279bcdfa13b81e94
2025-11-02T16:16:17.447237+00:00,87,node04:18443,68e24e1f746c6b288425f164154ca3d070cca0df6fb4d51037cac547542df139
2025-11-02T16:16:22.736999+00:00,88,node03:18443,2ef847a7b8c3c74ec339e8b1cd0b364ad0088c5aac6ffb00adbb246fdbf2b6cd
2025-11-02T16:16:28.064770+00:00,89,node04:18443,16a3d1e45abba63e38b219c3d08eeb28d5121d53bcdce1d800133a580335a30e
2025-11-02T16:16:33.390729+00:00,90,node04:18443,3ab1b48790e74296fd14079e74a6b2b1ab2aa3257a73afa9d63a3def160a3318
2025-11-02T16:16:38.643567+00:00,91,node04:18443,748f05f380d68bc0134fc163c81a9aa5a3006ead18b9400f5648c1b1d2561cba
2025-11-02T16:16:43.891796+00:00,92,node04:18443,39cd3d1d4eba50efed1100be273b071f231a624bc81e25d5a854fa1e85c25d41
2025-11-02T16:16:48.960228+00:00,93,node05:18443,585f3d780641a3681bee0d33d84172a827a473aebf6f74b145a8e4ee351fa98e
2025-11-02T16:16:54.276790+00:00,94,node03:18443,22eb9fd7e5f7b078f542bdf70b74906c485546eae88adf8c19e3bae388b419a8
2025-11-02T16:16:59.513671+00:00,95,node04:18443,52f8635ee1fb6f7707dac702ab60dc6750712539052b88c8d4ec1e2ca864c9a5
2025-11-02T16:17:04.804732+00:00,96,node04:18443,57d52e5149cd40a172c1bd2da6133e16218ecc1b1bc75a735beeac43a302cea1
2025-11-02T16:17:10.081914+00:00,97,node04:18443,6a5a8fb9b408ed817b0c3381acd026c5645f4885250233ff2ff72761b61fd79c
2025-11-02T16:17:15.433910+00:00,98,node03:18443,512b7c969dd8657274b2a3155872eb896f1e505dcd20aaaee75c93b69d913af0
2025-11-02T16:17:20.769622+00:00,99,node01:18443,3d5d7d292b18623810d9e9639fc3f7e458b8e5e2d9256b67efbd6fa26d06bff1
2025-11-02T16:17:25.791200+00:00,100,node02:18443,7ab6d33e5aadfc50bd699840069292585d281edd91408e3e08ee1ae06e3bbd42
2025-11-02T16:17:31.119532+00:00,101,node01:18443,0a354ea8ebfbff27b90233fceb11dfaba5ceb3877f7b7139f7f37485eb07b8c1
2025-11-02T16:17:36.342502+00:00,102,node01:18443,4afd1d00c7d478314c5f52e23c19d87fc911d14a62dc0d297529c66af52f21bc
2025-11-02T16:17:41.434939+00:00,103,node02:18443,6cd882f30b5f58fd2a73fcac7787633ba224772bf52f21777f616a74401ab442
2025-11-02T16:17:46.732172+00:00,104,node01:18443,0a8b1921868628ca3b710ac3ed5e4e720f0210c77560082459852badeadc1de3
2025-11-02T16:17:51.969636+00:00,105,node04:18443,7fc9ce5bd46d246d3e1210c9458f2a5abc39b26ab8f23e26f7ce157e6a9609ca
2025-11-02T16:17:57.078652+00:00,106,node02:18443,37d423e9a51933dbaa6cad00ed35c90fdadf018ae2732adfae3466a020ce2a9a
2025-11-02T16:18:02.330728+00:00,107,node03:18443,73f9a593fa9bbc5641024ec2d7e862222102b1eda9f22c5864f1db9e4f432bf8
2025-11-02T16:18:07.348176+00:00,108,node05:18443,329ccd87fceab484c0e9926d9f619860880b48136b5b484b42bfe1eaf3686e04
2025-11-02T16:18:12.449058+00:00,109,node05:18443,54df191e30b88eb06f57b1390a5e3d3595ddae275a9fc5e041376ec94508d803
2025-11-02T16:18:17.676421+00:00,110,node01:18443,0dddadbfbdcca4eff9676a6154c33f6f227b41c2fabfdd748a536ba499315ca3
2025-11-02T16:18:22.741613+00:00,111,node02:18443,215ee2d8e13b15c9b821baa3e9d0057581c64e7b617d1cc481dd7fc628665fe4
2025-11-02T16:18:28.062597+00:00,112,node01:18443,5762f93a69475d947c26792103bfc5bc17112bfde19982d5de29126ba7ea7212
2025-11-02T16:18:33.302381+00:00,113,node04:18443,5a116aa28b4ff3d2fa5071c190f88cebcb63ccb66eb6f20adabd3c73110975e6
2025-11-02T16:18:38.336163+00:00,114,node02:18443,371cd3208697d095ed9607b65a34ef66ee78909cbd1e34038f839ebffa48da07
2025-11-02T16:18:43.346401+00:00,115,node05:18443,671d1cc042814495c93bdf692f9f2f8a0f2f371a9d605895d1ef866ff29222a1
2025-11-02T16:18:48.665972+00:00,116,node01:18443,0855c492dcf1d5d6c5cf8eeb19a277491fd16bc9315c15ed0711b97ccbaf665d
2025-11-02T16:18:53.996102+00:00,117,node01:18443,16b3d418b87c8e22da5e84d37ed60a742732ad69a39d62f100670219e29c3331
2025-11-02T16:18:59.220433+00:00,118,node04:18443,6bc2e0610face3785bfab15f0c124d66c301c2ed8d9948a4fe8854bb967ee538
2025-11-02T16:19:04.551274+00:00,119,node04:18443,43438855ebfad34d0cda8f1c3978f1409bb7e9a66c0ac00819bae8ae82dd02ea
2025-11-02T16:19:09.571630+00:00,120,node02:18443,62ce2de9da8fc00ec358d0b5dcb57b5a2a61252090ca5cef79c85875b408b80a
2025-11-02T16:19:14.627896+00:00,121,node05:18443,236bbe0c9638f9185030e83e8bf5c107899feadae9af6902f8a40445485fafca
2025-11-02T16:19:19.900990+00:00,122,node03:18443,2e387a0c65f59d263d04e905521a9f007d5327a0bf8ab47beabf938c4dc4aae3
2025-11-02T16:19:25.242093+00:00,123,node04:18443,2484a0b90bf4b80a6e84592b7a23a7412c624ab03c540a794ce8bcad58b096cb
2025-11-02T16:19:30.297667+00:00,124,node05:18443,10e88ff6bcdb227ab503428ba05def4fa9eea08a65c02471c58f3345d4586766
2025-11-02T16:19:35.429293+00:00,125,node05:18443,09be16d07f1a567802b01f741f08bd5300e6ac366a8e02690aa849e98677c169
2025-11-02T16:19:40.688013+00:00,126,node03:18443,369a70c96ad3c8586edc3a42d9c0563c6d4c11d567727c98102beaa35100888d
2025-11-02T16:19:45.778568+00:00,127,node02:18443,189e7f87517be5e7cc892b5f670334305e2e08502f3ea0b26a3d3a8252aee1f7
2025-11-02T16:19:50.906144+00:00,128,node05:18443,1fdf8111026e39aecbd45e9af7b918c085fde8fbc767d5b07a54caff6a9b8e45
2025-11-02T16:19:56.251655+00:00,129,node04:18443,0b214e3d4683ef1b05c4bd760942a515ff2fd584314afef74ff1540463972dad
2025-11-02T16:20:01.357963+00:00,130,node02:18443,566050e20cb13d97eb2fea2439f19b5d8f4329305f1ff875cf51eea6933df044
2025-11-02T16:20:06.727822+00:00,131,node01:18443,6051ab1522e826fa671c22e65e31a3299bf6cae54082fb9b6c827500fd68a0b0
2025-11-02T16:20:11.780239+00:00,132,node05:18443,478a72ab1b9248484ab3130d4b464c49681460544416bfc5398c8039ba61b067
2025-11-02T16:20:16.804945+00:00,133,node05:18443,1a26958a6d83850e49cb62ecf17616cc16ea5cc5211df9fc0a546187ab645750
2025-11-02T16:20:22.131291+00:00,134,node04:18443,423506a8476170ea8f60a2682028b28b3085bc6431d00d85e0883dd9db595bbe
2025-11-02T16:20:27.434324+00:00,135,node01:18443,7a760da4f4d0d3932a1e8f3a281d5b4a28bb91f4d240ca2c2d766e91b4c5a80c
2025-11-02T16:20:32.470386+00:00,136,node02:18443,44bca1410e21f835c16483f43af27f19da8cdbaf06964770e7266000d3c9671e
2025-11-02T16:20:37.687136+00:00,137,node03:18443,4f040b1c4236a704a5f9ce18d2d47d1a64681b117af0c23f04584bfaf2da0377
2025-11-02T16:20:42.698412+00:00,138,node05:18443,1cadd8eeb69823e5b6b3562efd5dcdc12afe584790a16b876fd5a15cc1de2ea1
2025-11-02T16:20:48.028624+00:00,139,node04:18443,22566b781b8d4ac0dd751c37900466e4000ac022ba4ef3ba9b5a279f4d981e20
2025-11-02T16:20:53.156664+00:00,140,node05:18443,1d14e73c5eb1fb310a3124c82ee091cfc9ae73e7cb1b4653cdd5bc1e3bf24dbf
2025-11-02T16:20:58.405148+00:00,141,node03:18443,4d306915aff90204c30b4945084c8283409f1ff220fde12e5f5dacebbd2966ac
2025-11-02T16:21:03.671163+00:00,142,node03:18443,44a478ad5740246230e62cb2a4d1f21a2773283e391726235383955493bdd07e
2025-11-02T16:21:09.001524+00:00,143,node04:18443,1e2654d3e8b551a2415893b5ae13a0494f710a1f151a8b58ed917d1e53c337f5
2025-11-02T16:21:14.267403+00:00,144,node01:18443,5387d22b8f9f7d74cf06d582432fd5d1fb878600f1fed1c859991d890e335cbf
2025-11-02T16:21:19.406586+00:00,145,node02:18443,79874fca7bdf0f024a17ea40ffed0e458ffd3fe703b06e62d0796fde9ab14891
2025-11-02T16:21:24.673314+00:00,146,node03:18443,0d0e6ead0f876a6f246e8a6179263fce9413f3d0abc592dfef7a21936c72356f
2025-11-02T16:21:29.931115+00:00,147,node03:18443,68cdd084b266699b60b724be7c47f11b9cb528cd5fd6339427504227a6c15749
2025-11-02T16:21:35.157583+00:00,148,node03:18443,2abdab15f934d969efdd69fe8bd00f41268d7cc4ce16d2c22fe54c640943ce12
2025-11-02T16:21:40.250151+00:00,149,node02:18443,7e91d49056aa065290bf87b6438e70240cd756f83a7dc9178eeae7cb00e05727
2025-11-02T16:21:45.554179+00:00,150,node01:18443,63a9a6efaa6d39471dfff73eeb6d781a3cfea0cf703a6602b73947417512afa6
2025-11-02T16:21:50.861429+00:00,151,node04:18443,7a31ce38a84e0cb571efa37d579dea06a824dc14ff7f5bde18f9acacb9966664
2025-11-02T16:21:55.959207+00:00,152,node02:18443,5f89cc2941bc30cd86e306e587919f00487dd36f24747c07ba154b2fd6ec5929
2025-11-02T16:22:01.101526+00:00,153,node02:18443,0d0b8ebb744ec23bbc8ac2303a3eb4fac82c8539e49657fbb9b1eaadaf45216d
2025-11-02T16:22:06.137347+00:00,154,node05:18443,21ebc4c0e349aea15aa647b025212bcd5dfcadb3667b14293f959b994613fafc
2025-11-02T16:22:11.395827+00:00,155,node01:18443,45a5147c681d1b406b8a6e77c411be87f5fde3cb0c40d6dfa37d93260290d39c
2025-11-02T16:22:16.627697+00:00,156,node03:18443,2fd28956edecf358f0de02824493e2d6a744a9886aa35e742a8a8e584c6e0c1a
2025-11-02T16:22:21.850817+00:00,157,node01:18443,5e5ef7004c83aeaaa880f35fcccfeb4af0e5335d01a08b814167944dd772c66f
2025-11-02T16:22:27.162883+00:00,158,node04:18443,48d631edeb0ae69b8857a8df0ce78cf71a6bb4261378ecd5fb5835523313beb5
2025-11-02T16:22:32.284030+00:00,159,node02:18443,44792fb5ab2618ff1fbc57c5efa0f60341c9d508810664bda659fb73370e82de
2025-11-02T16:22:37.387994+00:00,160,node02:18443,039c872eb906fd1240b7943ad216f4a6ee882929f51c488b936604fb38714cea
2025-11-02T16:22:42.538530+00:00,161,node04:18443,7ef7d80ddefef02bb7c465b7fb5e921cd957eadeb5e1ef5d35dbdcb1cc32c3da
2025-11-02T16:22:47.551199+00:00,162,node01:18443,28d7360aa975d158c6a30c6a02ffad6f8e6cdd906aa62f7522f0aebe756fdaa5
2025-11-02T16:22:52.677187+00:00,163,node01:18443,6a679e453affe09ada1495e4ffd5f4911bcd57331e7c6013c9f42b1a76a20f8d
2025-11-02T16:22:57.767030+00:00,164,node01:18443,05d59bd683f27d92935e60ffe1c22e91cc2d93ce47a96821487edc29b8cb9344
2025-11-02T16:23:02.835316+00:00,165,node04:18443,5c0335f302399690da386f50b082dfae9a3eb082a78fb4c2b48200ccc91e551e
2025-11-02T16:23:07.863078+00:00,166,node01:18443,320096cc6a8f3ece3d47a38799e6dec082e6098b6e4cdc9aa177c1c7b69d10f6
2025-11-02T16:23:12.914608+00:00,167,node05:18443,187f3f9296d93949d8967cea0c28ec92f5ddbaf70a1fe5b2a574c67f426d93ee
2025-11-02T16:23:18.005995+00:00,168,node05:18443,178bc8c71191d12ad1bb77d97c9d4c7420505d413ceed46145e94c87d72fd006
2025-11-02T16:23:23.031798+00:00,169,node01:18443,17faa5abc601e2b787f978f79184aa86ff0a8712162d2d6246d9e64343c7c5ca
2025-11-02T16:23:28.112612+00:00,170,node05:18443,5edab77c74e39288fe1b3c57a99c7342e6476be679bba23e2ee35cbfc8d397e0
2025-11-02T16:23:33.247792+00:00,171,node04:18443,17fee7b9b4ba4f52ebd92da227ac2b59291b17ec4285b694db9b4c0d887a2eaf
2025-11-02T16:23:38.349101+00:00,172,node03:18443,3e9184111df574218a02ec252ef1c36e3762c34758d9c16795f6895b57a75d08
2025-11-02T16:23:43.413650+00:00,173,node01:18443,1407592db613145fb020b57f2e09e22b0ffe10d0c1b0443f06d292ab5141d502
2025-11-02T16:23:48.516636+00:00,174,node04:18443,47d4693bfc26bfaa6c58ced1d63198d5577ba712667212f2777e941da96d6d14
2025-11-02T16:23:53.554879+00:00,175,node03:18443,607ca7da438906c53e9ba6e75182c82400204f8499faf3230498e787313f7ffe
2025-11-02T16:23:58.676465+00:00,176,node02:18443,21198bae9f7533647a81398b99e77ba02e2f8cb647c67f39758b3098850b37ab
2025-11-02T16:24:03.778561+00:00,177,node03:18443,44412164be283af660268ef9a48f84b31d34dbb78ae2a1bdcb41c4fa2743d9e0
2025-11-02T16:24:08.852632+00:00,178,node03:18443,05e6c7b7e0844cb19ddf61265a6fe592671419f502e2a083062f3f05e94ac1fa
2025-11-02T16:24:13.921084+00:00,179,node01:18443,7e885e1017b644d6b657b0f4a7c76e5220533716236fece6b6868e0a5bb3aefc
2025-11-02T16:24:18.932939+00:00,180,node01:18443,311fb082cf029596e695b620989534913f284fa57d716a1293d3d5672e00aca3
2025-11-02T16:24:23.978437+00:00,181,node02:18443,64771be59a956ece1c564ace5b4764050918ecf4493dce5520219b43a4ae8ce3
2025-11-02T16:24:29.049773+00:00,182,node02:18443,1b4b6c30095c315f8cd508568f84255bcc46e6ea046d087d8bc333230ba1a160
